,405-

Portrait 000 1110110 Ρ111101011001,00 110-
11000, 91.

Ρο11101100010010011100, 01 w, 111).

1011000 0010 1110101010 0011100, 113; (10 10
0000000 0011100. 121.

1111001011, 0110, 248.

11010000οη 000 0011010110οι leur 1011101-
10000 00 1000 1111· 010010. n.

Professeum 00 1001101010 (10 11001010,
00110100 01 101010110001.

11011οο1110000111100100101100110010 1111100
011100 00 111110 00 0011110. 58.

Ρ1000111111000 01101110, 429.

Ρ1001101110110) 1101111000000100100111001,

1101001100 (10001010010010 000110 10010
111100, w.

1101000110),00000110000000101010101100,
0 00000110 100 11000000 1 10 101110, lm
0011 1011101110 (10011001, 1193 0000001000,
1111111001 00 11100, 153: 00 1001001010
mou, 0010010 100110110110101010 001011,

1111( (Mar 001, 1001001 (0000111000 (10
10οἱ1010110 00 11001010. 1011.

11110011110110, 1101111110 (101·110111110001
Ρ100110, 50.

1101010 01110100 000 0000 11110000, 1111.

110110 00 00110110 (1·11111. 11.

1100010038.

110010100110 (10 baron 001. 13. 75, m.

8001111000 1111100100 000110 aux 111001( 1101
001010 Auguste. 432.

80100 11001. 001 01001001010100,1113.

81110000 1101001 10 1101 1001000001( 10010-
0100 (10 111010, 115ς 00101100010,1111;
0000011 1 la 00οι10000, m (1011 0011101
1 10 0011010 (100 1101100-1011100, ³01. m

· 1001101011 1101000 0110110. 000 1101 des
10101, {m

81101-11100110011,50.

80101110)(1011001110011101010001000313

8111011, 0111, ³5³. “

Summanum 11011, 18.

sarm-e 0100111000 (101151 0001101 (10·0110
tait 0001110 10010 011100. 10.

801011, 11001 1100. 01 1110 11110101 10
0011011110,301,

Ρ1001101110 (10, 0001010110011, 0001 (100 10
μ101010100100·00 010100 (1001 11 1001
01100010 10 00000010001, w. sm

Ρ10100100110100 ,10) 00 11011012.

1101100000 00 11100, wls. 211. 251; e’est

‘ 0110 qui 001010 100 100011 11001100, 213·, 11
001 (1000 11111110 (10 0·οη 1110111010, 115.

Ρο011100 (10 1, 001 110000 01 0000000110,
100100 pour 10 0001101110, 11111119,

Ρο011100 000 1000110010, 1100111001 10101000
(1001(1001010, ῶῖ.

Ρο01110001011111000 11001 1010011110, ael.

Ρο1111000 1111101001, 0101000001 1 1001
1010110 00 00010111, 10.

Ι 1111111110, 0011101001 0010111001,

1101111100 110), 00011100 01100000 1101 100
010000 1111110001111111000. 123. 129.

Remords 000 0001100100, w).

1100100000, (1001010001 000 Pasa-Bas
0011010010, 31.

1100110οὓ00 (10101010100100011100,00110
1110101010 101110 (10 10 00110000, 151, 21¹1.

11001101110000101110 (100 1011111100 0011-
0000, ae. 91.

1101011 000 1111011000οο0, 011100 1001011011·
000. favorino 1101 10 0101110, 18.

1100101100 00100 100 0110100 (10 110 (110110,

1101011100 11001. 00 010010 1010110 (10·110 1110-
pagoniam 1001 0010110000 1101 100 011000,
00 011111001001 11111 100 henes-lettres. 101.

1110000, 111. 100.

8111010001οῡ 1101001000 (10,ι 0111010110 11 y
a trois 0100100 001011000010011101110.ω.

8011101111 1100011111. 15. 5ῖ, 58. ’

80111000 11001, 381.

8110110111. 11 0011000000,71,Τ1; 0110131.
153. 111, 113, 211313, 1119.

80110001 1011110110 (100 1101011100, 217.

servitude (101. 01101 100 0001000, 110.

81011011, 1010100 (10 1·1’11001001(1080110,29.

81001010 1011011001, 001001 1101100. 25. 111.

81010101100110). 1100 frequent. m. 111.

81111,οτ 110 00101001), bibliothecam (10
1111100011.

8111101100 00 18010110 00 temps (1010010
human.

81011οΑ2,

8000110010. 111. 110101.

 

