(1111101110 001110 meu. m.

00110110 (10) 0001011 1οι100 1011010111·
1001101ῖό.

0001100100σο (100) do 01011, 111111100 1
1111100010110, 15.

Δ 0011111110(10)10 1011001 1811, 10.

comparaison 100 1111ρο0101010 01 100
1010010101100, 0000 10 rapport des
1111111 0111100, 1111.

communion (10), 190; sa 1011111101; 001111
1100,101; 1001 pas 11 111001100110,1111.

(10100110 (10) 10110110 0100100001 100
1011101100 000101110100, 01101 10 001-
0111101οο 1111111100, ω.

(10111100 (10)100 111010 10 1101101111 0110
1011110 1 (1111, w.

(10001110, 10111110 noble, ³9².

consolatione (10111110 10) faussement

,1111111110 1 ciceron. 48.

⁴ constance (10) : 00110 01011011000111 10
11011110, 111ς sa 1011111101, 169: 011
01010, 101; par quoi 0110001 11001100,

Omanae (10 110110 110 10) 00111 011 10111011
100 0011111100 10 11 1101111101111 001

1111111010), 110.

1111111 (10 101), 311, 121.

1111110000 0 M. 10 11101 11101101, 5.

1111110110 1 10 11110 11111010, 1011.

111101 111 1101111011, 0011111110 1 10101110
plus 011010, 311.

11011010 (11. 1000011), 111.

1101 1110 (10 1010).)0001101011101 10111011
1011011101 10111010 111000, 11; 101111
1110111010 11100 1111 00111 0111 sa conver·
0101, 15.

1111111100, 319.

[1100011000. 11101001113111.

1111110111 8111101011,11111110 100010 1
00111110, 311.

110000110101 10 10 111100, 115.

1100001110 (100) 10 10 provideam, 1010 0011
0001100, 1113. ’

1100111 (1011011100 Ρ1011101100,211;
0110110 0101111100 011110 nasum& 001
11 00110 100 0011000, 1ος 1010101010 10
11110 0111110 10 11011110, ²55, 1111 ς 1001
pas un 1110101111 1011111111 0 11 (11110001,

1100111 11101011110110, 239.

11001111 10111101, 111.

nostin 1111111101 01 (1011111101, m. 111
quoi 11 1111111110001111 110 0101110110, 251,

110 0101110 1101110 111110, 10. 10011 111000
00ρο1111 1110 00 111110 1111011 111001
1011101100 0110 10 langue 1111110, m.

Coonsflm (11001010), 00 10010110 avoc
111010 111001, 52.

(3110010110110100111111 0110000 1011111100
par 10 11010111111 1111011100, 111.

0111001101 (10), 101101 quand 110110ον0110
101111 01 11011 pour nous 10101111, 3312
0110 001 1011101110 indulgente, m

Coup-d·oeu 1010011110 0111 11111110 110
111010 111100, ffi.

00010111 (1110101), 10110111 11 0011011
111111,

0111111110), 111,

0111111011 (10 11101 10), philosophema.

0111110, 00 101010001101111101061111,

0111100 (100) 10 1000110011316.

111101 111 1011001101 (10 1111 101111.

cuba (111010), 1111.

culture (11) 1111011110010101001011100100
1111100111.

(1101111001), 115.

emus. 0 00111 sur 100 11111110, m.

001 1110011100 1101111010 qui 10 supprimo
110 100 000000 00001100, 111 ; 00 00101110
avec 10 11110 1111110 1011011301 0011111

Ι00)οῐ ἓξ1001101 1011010101 001 00111-
01100, .

11001111 11010111, m.

11011110 101101010010010110 1111100101011111.

111011 (10010110 10111201 11 0110111το pas.
223, m: construit 01 100νο100121 nv.
1011 11 1111100110 (111110 10 11101, m. 31&
001 10 11011111001101011100010000,1111;
1011100110110111 01 1101, 311; 1011101101·
11 00 0011 100 1100111110, 3111 11000111
0010101001000 1101011100,111; 11001000
011)οι aux 01001010, 1119, 35& compare 1
01001111110111 qui (11111110, 1111011010,
001010 0101101110, 01110011 peut 1110
1110 100 00ηο0101000, 319.

111011 1011110111, 1011 0101110111 tout, m

1110111 (100), 1010111011 100 1111101010, m
110 10010111 0110 110111001101110 par 11
1011000, 381.

1))110101000111101011001111 01 10 111011-
101100, 151.

111001οτ111 0101111· 000 11111100 0110011-
1011110185.

1110011011, 137,

11101111· vn 1111111113.

 

